0,1
1,2
2,3
3,4
4,5
5,6
6,7
6,9
7,8
8,9
9,10
10,3
10,11
